9  13    .7  20.2  15.5  7.2  .43
8  13    .7  17.2  12.7  7.3  .38
8  13    .4  14.5  15.1  7.9  .41
9  12.2  .2  12.9  11.1  5.4  .57
5  10.0  .4  13.6  8.0   6.7  .32
6  9.8   .5  12.1  14.5  3.8  .51
10 9.9   .5  10.2  7     4.8  .38
9  10.3  .3  11.4  8.7   4.5  .48
11 9.5   .4  13.5  5.9   3.5  .57
9  9.9   .4  12.1  4.2   4.6  .49
7  7.9   .4  10.8  16    3.4  .49
7  7.3   .6  15.4  4.9   5.1  .27
7  7.8   .4  11.0  3.0   5.6  .32
10 6.5   .4  18.7  -3.1  1.3  .38
13 24.9  0   16.2  16.9  12.5 .32
14 24.6  0   16.1  16.9  11.2 .47
5  14.9  1.1 13.7  48.9  5.8  .10
6  13.8  .6  20.9  36    10.9 .16
10 13.5  .5  14.3  16    8.4  .40
12 14.9  .3  29.1  22.8  4.9  .36
14 15.4  .3  15.2  15.1  21.9 .23
13 11.6  .4  18.7  22.1  8.1  .20
12 14.2  .2  16.7  18.7  8.2  .37
12 13.8  .1  12.6  18    5.6  .34
7  12.0  .5  15    14.9  3.6  .36
7  11    .3  12.8  10.8  5.0  .34
6  13.8  .2  14.9  9.6   4.4  .31
12 11.5  .4  15.4  11.7  7.2  .51
9  6.4   .7  16.1  -2.8  6.8  .22
14 3.8   .6  6.8   -11.1 .9   1.00
