1   1 0 1 0 0 0 2 1 2926 0
2   1 0 1 1 0 0 1 1 590  1
3   0 0 1 0 0 0 1 2 2803 0
4   1 0 1 1 0 0 2 1 2762 0
5   1 0 1 0 0 0 2 1 2616 0
6   0 0 1 1 0 0 . 1 2716 0
7   0 0 1 1 0 0 1 1 1485 1
8   1 0 1 0 0 0 . 1 2456 0
9   1 0 1 0 0 0 . 2 500  0
10  1 0 1 1 0 0 2 2 2307 0
11  0 1 2 0 0 0 3 3 1200 1
12  0 0 2 1 0 0 1 1 1073 0
13  0 0 2 1 0 0 1 1 2209 0
14  1 0 2 0 0 0 1 1 2394 0
15  1 0 2 1 0 0 2 1 2383 0
16  1 0 1 0 0 0 1 1 3425 0
17  1 0 1 1 0 0 . 1 694  1
18  1 0 1 0 0 0 2 2 2738 0
19  0 0 1 1 0 0 3 3 3180 0
20  1 0 1 0 0 0 . 2 204  1
21  1 0 1 1 0 0 . 2 3180 0
22  0 0 1 0 0 0 1 . 2847 0
23  1 0 1 0 0 0 2 1 849  1
24  0 0 1 1 0 0 . 1 2568 0
25  1 0 2 0 1 0 . 1 524  1
26  0 0 2 1 0 0 2 2 2504 0
27  1 0 2 1 0 0 2 2 3183 0
28  1 0 2 0 0 0 2 2 3116 1
29  0 0 2 1 0 0 . 1 2940 0
30  1 0 2 0 0 0 3 3 2638 0
31  0 0 2 1 0 0 1 1 504  1
32  1 0 2 0 0 0 1 1 726  1
33  1 0 2 1 0 0 . 1 287  1
34  1 0 2 0 0 0 2 1 744  1
35  1 0 2 1 0 0 2 2 1376 1
36  1 0 1 0 0 0 . 2 314  1
37  0 0 1 1 0 0 2 1 3532 0
38  1 0 1 0 0 0 . 1 187  1
39  1 0 1 0 0 0 2 2 2924 0
40  1 0 1 1 0 0 2 2 1259 1
41  1 0 1 1 0 0 2 2 2464 0
42  0 0 1 0 0 0 2 2 2349 0
43  0 0 2 1 0 0 2 1 3172 0
44  0 0 2 0 0 0 2 1 1836 1
45  0 0 2 1 0 0 2 1 3376 0
46  0 0 2 0 0 . 3 3 3398 0
47  1 0 2 0 0 0 . 1 274  1
48  0 0 2 1 1 0 2 1 3265 0
49  1 0 2 1 0 0 2 1 1598 1
50  0 0 2 0 1 0 1 1 2985 0
51  0 0 2 0 0 0 2 2 2784 0
52  0 1 2 1 1 0 . 1 287  1
53  1 0 2 1 0 0 2 1 2480 0
54  0 0 2 0 0 0 3 3 2310 0
55  0 0 1 0 1 0 3 3 2259 1
56  1 0 1 1 0 0 1 1 847  1
57  0 0 1 0 0 0 2 2 3443 0
58  0 0 1 0 0 0 1 1 3210 0
59  1 0 1 1 0 0 2 1 3115 0
60  0 0 1 1 1 0 2 2 1811 1
61  1 0 1 1 0 0 3 3 454  1
62  1 0 1 0 0 0 1 1 2017 1
63  0 0 1 0 0 0 1 1 595  1
64  0 0 2 0 0 0 1 2 3445 0
65  1 0 2 1 0 0 2 2 2253 1
66  0 0 2 1 0 0 3 3 3353 0
67  1 0 2 0 0 0 2 1 1216 1
68  1 0 2 0 0 0 . 1 3181 0
69  1 0 2 1 1 0 2 2 782  1
70  1 0 2 0 1 0 . 2 106  1
71  0 0 2 1 0 0 2 1 2821 0
72  0 0 2 0 0 0 2 2 2732 0
73  0 0 2 0 0 0 1 1 2198 1
74  0 0 2 0 0 0 2 2 270  1
75  0 1 2 1 0 0 3 3 2600 0
76  0 0 2 0 0 0 2 2 765  1
77  0 0 1 0 0 0 2 2 585  1
78  1 0 1 1 1 0 1 . 2050 1
79  1 0 1 1 1 0 1 1 1463 1
80  0 0 1 0 0 0 1 . 1904 0
81  1 0 1 1 0 0 2 2 3346 0
82  0 0 1 1 0 0 1 1 3297 0
83  1 0 1 1 0 0 1 1 2779 0
84  0 0 2 0 1 1 1 1 2773 0
85  0 1 1 1 0 0 2 1 2662 0
86  1 0 2 1 0 0 2 1 757  1
87  1 0 2 1 0 0 2 2 1863 1
88  0 0 2 0 0 0 2 2 3381 0
89  1 0 2 1 0 0 1 1 3211 0
90  1 0 2 0 0 0 2 1 2904 0
91  1 0 2 0 0 0 2 1 3211 0
92  1 0 2 1 0 0 2 2 2835 0
93  0 0 2 0 0 0 1 1 2607 0
94  0 0 2 1 0 0 1 1 2541 1
95  1 0 2 1 1 1 1 1 743  1
96  0 0 2 0 0 0 1 1 530  1
97  0 0 2 1 1 1 2 2 1620 1
98  1 0 2 1 0 0 1 1 2559 0
99  0 0 2 0 1 0 2 1 2231 0
100 1 0 2 0 0 0 3 3 2372 0
101 1 0 1 0 0 0 1 . 567  1
102 1 0 1 1 1 0 . . 208  1
103 0 1 1 0 0 0 2 1 2915 0
104 1 0 1 1 0 0 2 . 888  1
105 0 1 1 1 0 0 2 2 1403 1
106 1 0 1 0 0 0 2 1 2610 0
107 0 1 1 1 0 0 2 2 2516 1
108 0 0 1 1 0 0 1 1 3407 0
109 1 0 1 1 0 0 2 2 3303 0
110 0 0 1 0 0 0 2 2 3246 0
111 0 0 1 0 0 0 2 1 3348 0
112 1 0 1 1 0 0 2 2 1948 1
113 1 0 1 0 0 0 2 2 1360 1
114 1 0 1 0 0 0 2 2 1778 1
115 1 0 1 1 0 0 2 1 1834 1
116 0 0 1 0 0 0 1 2 3072 0
117 0 0 1 0 0 0 2 2 3052 0
118 0 0 2 1 0 0 1 1 2998 0
119 1 0 1 0 0 0 2 1 1219 1
120 1 0 1 0 1 1 . 2 29   1
121 0 0 1 1 0 0 2 1 2879 0
122 0 0 1 1 0 0 2 1 2814 0
123 0 0 1 0 0 1 2 1 1621 1
124 0 0 1 1 0 0 1 1 2804 0
125 1 0 1 0 0 0 1 2 1237 1
126 0 0 1 1 1 0 1 1 2530 1
127 0 0 1 0 0 0 2 2 2549 0
128 0 0 1 0 1 0 2 2 228  1
129 0 0 2 1 1 0 1 1 541  1
130 1 0 1 0 0 0 1 1 2386 0
131 1 0 1 1 1 0 1 1 2487 1
132 0 0 2 1 0 1 . . 641  1
133 1 0 2 0 0 0 1 1 1577 1
134 0 0 2 1 0 0 2 1 1600 1
135 0 0 2 0 1 0 1 1 3013 0
136 1 0 2 0 0 0 1 . 2089 1
137 1 0 2 1 1 0 1 . 2492 1
138 0 0 2 1 0 0 . . 426  0
139 0 0 2 0 1 0 . 1 8    0
140 0 0 2 1 0 1 2 1 457  1
141 1 0 2 1 1 0 1 1 2809 0
142 0 1 2 0 0 0 . 1 262  1
143 0 0 2 1 1 0 3 3 480  1
144 0 0 2 1 0 0 2 1 2526 0
145 0 0 2 0 0 0 2 1 2454 0
146 0 0 2 1 0 0 1 1 2676 0
147 0 0 2 0 0 0 2 2 2594 0
148 1 0 2 1 1 0 2 2 443  1
149 0 0 2 1 0 1 . 1 31   1
150 0 0 2 1 0 0 2 1 1041 1
151 1 0 1 1 0 0 1 1 3198 0
152 1 0 1 0 0 0 3 3 1689 1
153 0 1 1 1 0 0 1 1 2870 0
154 0 1 1 0 0 0 2 2 419  1
155 1 0 1 1 0 0 2 2 2706 0
156 0 1 1 0 0 0 1 1 2518 0
157 0 1 1 1 1 0 1 2 2528 0
158 0 0 1 1 0 0 2 1 1860 1
159 1 0 1 0 0 0 1 1 3284 0
160 0 0 1 1 0 0 2 1 509  1
161 1 0 1 0 0 0 2 2 2385 1
162 0 0 1 1 0 0 2 2 3290 0
163 1 0 1 0 0 0 . . 267  1
164 0 0 1 1 0 1 2 2 2846 0
165 0 1 1 1 0 0 2 2 2566 0
166 0 0 1 0 0 0 2 1 2562 0
167 1 0 1 0 0 0 2 1 1915 1
168 1 0 1 1 0 0 . 1 158  1
169 0 0 1 0 0 0 2 2 2313 0
170 0 0 1 1 0 0 1 1 2621 0
171 0 0 1 0 0 0 1 1 2264 0
172 0 0 1 0 0 0 2 2 706  1
173 0 0 2 0 0 0 2 1 2655 0
174 1 0 2 0 0 0 3 3 79   1
175 0 0 2 1 0 0 2 2 3441 0
176 0 1 2 0 0 0 1 1 1713 1
177 0 0 2 0 0 0 2 1 448  1
178 1 0 2 1 0 0 2 2 242  1
179 1 0 2 0 0 0 1 1 188  1
180 1 0 2 1 0 0 1 2 1017 1
181 1 0 2 1 0 0 1 1 3321 0
182 1 0 2 1 0 0 1 . 3106 0
183 0 0 2 1 0 0 2 2 2225 1
184 1 0 2 0 0 0 1 1 3259 0
185 1 0 2 1 0 0 2 2 2929 0
186 1 0 2 0 0 0 . 1 29   1
187 0 0 2 0 0 0 1 1 2084 1
188 0 1 2 1 0 0 2 1 3097 0
189 0 0 2 0 0 0 3 3 2986 0
190 0 0 2 1 0 0 2 2 3102 0
191 1 0 2 1 0 0 2 1 2884 0
192 1 0 2 0 0 0 1 1 2702 0
193 0 0 2 1 0 0 2 1 2598 0
194 0 0 2 0 0 0 1 1 1531 1
195 1 0 2 0 0 0 1 1 2938 0
196 1 0 2 1 0 0 2 2 1668 1
197 0 0 2 1 0 0 3 3 2658 0
198 1 0 2 0 0 0 1 1 2429 0
199 1 0 2 1 0 0 . 2 69   1
200 0 0 2 0 0 0 2 1 2636 0
201 0 0 2 0 0 0 2 1 2663 0
202 1 0 2 1 0 0 2 1 366  1
203 1 0 2 0 0 0 2 2 2515 0
204 0 0 2 1 0 0 3 3 2592 0
205 1 0 2 1 0 0 . 2 442  1
206 0 0 2 0 0 0 2 1 1438 1
207 0 0 2 0 0 0 3 3 2673 0
208 0 1 2 1 0 0 1 1 818  1
209 0 0 2 1 0 0 . 1 772  0
210 0 0 2 1 0 0 1 1 2415 0
211 1 0 2 0 0 0 1 1 2052 0
212 0 0 2 1 0 0 2 1 2174 0
213 1 0 1 1 0 0 2 1 2092 1
214 1 0 1 0 0 0 2 2 2208 0
215 1 0 1 1 0 0 2 2 2905 0
216 0 1 1 0 0 0 2 1 3066 0
217 1 0 1 1 0 0 2 1 1314 1
218 0 1 1 0 0 0 2 1 1093 1
219 0 1 1 1 0 0 1 1 221  1
220 1 0 1 1 0 0 2 2 2535 0
221 0 0 1 1 0 0 2 2 3032 1
222 0 1 1 0 0 0 2 1 2580 1
223 1 0 1 0 1 1 3 3 3349 0
224 0 1 1 1 1 0 1 1 1696 0
225 0 0 1 0 1 1 2 . 339  1
226 0 1 1 0 0 0 . 1 512  1
227 0 0 1 1 1 0 1 1 3009 0
228 1 0 1 0 0 1 . 1 7    1
229 0 1 1 1 0 0 2 2 3305 0
230 0 0 1 0 0 0 1 1 2986 0
231 1 0 1 1 0 0 . 1 149  1
232 1 0 1 0 0 0 1 1 1970 1
233 1 0 1 1 0 0 2 2 2008 0
234 0 1 1 0 0 0 2 2 3276 0
235 0 0 1 1 0 0 2 2 1359 1
236 0 0 1 1 0 0 2 2 870  1
237 1 0 1 1 0 0 . 2 161  1
238 0 0 1 0 0 0 1 1 936  1
239 1 0 1 0 0 0 2 2 2998 0
240 0 0 1 1 0 0 1 2 3047 0
241 1 0 1 1 0 0 3 3 2864 0
242 1 0 1 0 0 0 2 1 2892 0
243 1 0 1 0 0 0 1 1 2972 0
244 1 0 1 1 0 0 1 1 160  1
245 0 0 1 0 0 0 1 1 2646 0
246 0 0 1 1 0 0 1 1 2084 1
247 0 0 1 1 0 0 2 1 1657 0
248 0 0 1 0 0 0 2 2 2434 0
249 0 0 1 0 0 0 2 2 2347 1
250 1 0 1 1 0 0 2 1 2069 1
251 1 0 1 1 0 0 1 1 723  0
252 0 0 1 0 0 0 2 2 2580 0
253 1 0 1 0 0 0 . 1 140  1
254 0 0 1 1 0 0 2 2 2424 0
255 1 0 1 0 0 0 2 1 2641 0
256 1 0 1 1 1 0 2 1 1253 0
257 1 0 1 1 0 0 2 2 600  1
258 0 0 1 0 0 0 1 1 1475 1
259 1 0 1 1 0 0 1 1 1659 1
260 0 0 1 0 0 0 2 1 2622 0
261 1 0 1 0 1 1 2 1 329  1
262 1 0 1 1 0 0 2 1 954  1
263 1 0 1 0 0 0 2 2 550  1
264 0 0 1 1 0 0 2 2 2359 0
265 1 0 1 0 0 1 2 2 2531 0
266 0 0 1 1 . 0 2 1 2531 0
267 1 0 1 0 0 0 2 1 468  1
268 1 0 1 1 0 0 2 1 162  0
269 1 0 1 1 0 0 2 2 1002 1
270 1 0 1 0 1 0 2 2 717  1
271 0 0 2 0 0 1 2 1 1088 1
272 1 0 2 0 0 0 2 2 3539 0
273 0 0 2 1 1 0 1 1 1851 0
274 1 0 2 1 0 0 1 2 285  1
275 1 0 2 0 1 0 . 2 1497 1
276 0 1 2 0 0 0 1 2 3113 0
277 0 0 2 1 0 0 . 2 2942 0
278 0 1 2 1 0 1 2 . 405  1
279 0 0 2 0 0 0 2 2 935  1
280 0 0 2 0 1 0 1 2 3122 0
281 0 0 2 1 0 1 . 1 4    1
282 0 0 2 0 0 0 2 2 197  1
283 1 0 2 1 0 0 2 1 2860 0
284 1 0 2 1 0 0 2 2 2938 0
285 0 0 2 0 0 0 1 2 2864 0
286 1 0 2 0 0 0 2 1 451  1
287 0 0 2 1 0 0 2 2 240  1
288 1 0 2 0 0 0 2 2 2605 0
289 0 0 2 1 0 0 2 1 1277 1
290 1 0 2 1 0 0 2 1 959  1
291 1 0 2 0 0 0 2 2 1294 1
292 1 0 2 0 0 0 . 1 130  1
293 0 0 2 1 0 0 1 1 743  1
294 1 0 2 0 0 0 2 2 2236 1
295 0 0 2 1 0 0 1 1 2662 0
296 1 0 2 1 0 0 2 1 2521 0
297 1 0 2 0 0 0 2 1 1207 1
298 0 0 2 0 0 0 1 3 1352 1
299 0 0 2 1 0 0 2 2 695  1
300 1 0 2 0 0 0 . 1 65   1
301 1 0 2 1 0 0 2 2 631  1
302 0 0 2 0 0 0 1 1 1571 1
303 0 1 2 1 0 0 2 1 482  1
304 0 0 2 1 0 0 1 1 2250 0
305 0 0 2 0 0 0 1 1 1134 0
306 0 0 1 0 0 0 2 1 861  0
307 0 0 1 1 1 0 2 1 619  1
308 1 0 1 0 0 0 2 2 290  1
309 1 0 1 1 1 0 1 1 1088 1
310 0 0 1 0 0 0 2 1 2972 0
311 1 0 1 1 0 0 1 1 2957 0
312 0 0 1 0 0 1 1 1 3241 0
313 1 0 1 0 0 0 . 1 1049 1
314 0 0 2 0 0 0 2 2 655  1
315 0 0 2 1 1 0 2 2 977  1
316 1 0 2 0 0 0 2 . 3454 0
317 0 0 2 1 0 0 . 1 248  0
318 1 0 2 1 0 0 1 2 2418 1
319 0 0 2 0 0 0 1 1 2219 1
320 1 0 2 0 0 0 . 1 1287 1
321 0 0 2 1 0 0 1 1 2121 1
322 0 0 2 1 0 0 2 1 2864 0
323 0 0 2 1 0 0 . 1 686  0
324 1 0 2 0 0 0 2 2 2463 0
325 1 0 2 1 0 0 1 1 2645 0
326 0 0 2 0 0 0 1 1 637  1
327 1 0 2 0 0 0 1 1 714  1
328 0 0 2 1 0 0 1 1 461  1
329 0 0 2 1 1 0 1 1 2449 1
330 0 0 2 1 0 0 1 1 1695 1
331 0 0 2 0 0 0 2 2 822  1
332 1 0 2 1 0 0 1 1 2517 0
333 0 0 1 0 0 0 . 1 142  1
334 0 1 1 1 0 0 1 2 1540 1
335 0 0 1 0 0 0 1 1 3238 0
336 1 0 1 0 0 0 2 2 2804 1
337 1 0 1 1 0 0 1 2 2300 1
338 1 0 1 0 0 0 1 1 1096 1
339 1 0 1 1 1 1 . . 530  1
340 0 0 1 0 0 0 1 1 2143 1
341 1 0 1 1 0 0 . 2 231  1
342 1 0 2 1 0 0 . 2 129  1
343 0 0 2 1 0 0 1 1 1274 1
344 0 0 2 1 1 0 . 2 40   1
345 0 0 2 0 0 0 . 2 265  0
346 0 0 2 1 0 0 . 1 317  1
347 1 0 2 0 0 0 2 2 2218 1
348 0 0 2 0 0 0 2 2 1305 1
349 1 0 2 1 0 0 . 2 631  1
350 1 0 2 0 0 0 . 2 364  0
351 0 0 2 1 0 0 2 2 1161 1
352 0 0 2 0 0 0 2 2 2355 0
353 1 0 2 1 0 0 1 1 1239 1
354 1 0 2 0 0 0 . 2 867  1
355 0 0 2 1 0 0 2 2 2245 0
356 1 0 2 1 0 0 . 1 348  1
357 0 0 2 1 0 0 2 1 458  1
358 0 0 2 1 0 0 1 1 2218 0
359 1 0 2 0 0 0 1 1 1548 1
360 0 0 1 1 1 0 2 1 2043 0
361 0 0 1 0 1 0 3 3 1872 0
362 0 0 1 0 0 0 2 2 1662 0
363 1 0 2 1 0 0 1 2 681  1
364 0 0 1 1 1 0 1 1 777  1
365 1 0 1 0 1 0 2 2 1309 0
366 1 0 1 1 0 0 2 2 1083 1
367 0 0 1 0 0 0 1 2 1042 0
368 0 1 1 1 0 0 2 2 1848 0
369 0 0 1 0 1 0 1 1 1677 0
370 0 0 1 1 1 0 1 1 1658 0
371 1 0 1 0 0 0 1 1 1482 0
372 0 0 1 1 1 0 1 1 1421 1
373 1 0 1 0 0 0 2 2 1291 0
374 1 0 1 1 0 0 2 2 1319 0
375 0 0 1 0 0 0 1 1 1323 0
376 1 0 2 0 1 0 2 2 980  1
377 1 0 2 1 0 0 2 2 1390 1
378 1 0 2 1 0 0 1 2 471  1
379 1 0 2 1 1 0 1 1 347  1
380 0 1 2 0 1 0 2 2 1517 0
381 0 0 2 1 1 0 2 2 909  1
382 0 0 2 0 1 0 1 2 1106 1
383 1 0 2 1 0 0 2 2 1138 0
384 1 0 2 1 0 0 2 2 493  1
385 1 0 2 0 0 0 1 1 1151 0
386 0 0 1 0 0 0 1 1 1337 0
387 0 1 1 1 1 0 1 2 1132 0
388 1 0 1 0 1 0 . 1 260  1
389 0 0 1 1 0 0 2 2 1830 0
390 1 0 1 0 0 0 1 1 731  1
391 0 0 1 1 . 0 2 2 1045 1
392 1 0 1 0 0 0 . 1 107  1
393 0 0 1 1 1 0 . 2 78   1
394 0 0 1 0 1 0 . 1 273  1
395 0 1 1 0 1 0 2 2 1473 0
396 0 0 1 1 0 0 2 1 1124 0
397 0 0 1 0 1 0 . 2 246  1
398 0 0 2 1 1 0 . 2 270  1
399 1 0 2 0 0 0 2 2 985  1
400 1 0 2 1 0 1 1 2 929  1
401 1 0 2 0 0 0 1 1 1291 0
